latitude: 42.35499570
longitude: -71.11113520
altitude: 8.0